64,35
0,273
0,270
3,2
3,1
3,3
10,136
10,72
10,86
10,96
10,32
10,276
10,1
10,298
10,2
10,3
11,30
11,11
11,15
11,14
11,10
11,8
11,1
11,28
11,2
11,3
9,7
9,4
9,1
9,6
9,2
9,3
8,9
8,12
8,8
8,13
8,1
8,10
8,2
8,3
12,2
12,1
12,3
20,2
20,1
20,3
19,2
19,1
19,3
18,1
18,3
14,3
13,1
13,3
2,2
2,1
2,3
63,4
63,3
63,2
63,1
63,0
62,7
62,6
62,5
62,4
62,3
62,2
62,1
62,0
61,5
61,4
61,3
61,2
61,1
61,0
60,4
60,3
60,2
60,1
60,0
59,5
59,4
59,3
59,2
59,1
59,0
58,3
58,2
58,1
58,0
57,4
57,3
57,2
57,1
57,0
55,4
55,3
55,2
55,1
55,0
54,3
54,2
54,1
54,0
53,4
53,3
53,2
